WHITESMOKE,INC_11_08_2011-EX-10.26-PROMOTION AND DISTRIBUTION AGREEMENT	[0.6623280786078156, 0.0, 0.0, 0.0, 0.7492139322567882, 0.0, 0.0, 0.0, 0.0, 0.0, 0.0, 0.0, 0.0, 0.0, 0.0]
DovaPharmaceuticalsInc_20181108_10-Q_EX-10.2_11414857_EX-10.2_Promotion Agreement	[0.2522356667119435, 0.2664039104832009, 0.12025455271074383, 0.245625522262403, 0.0, 0.14350560312900643, 0.15060603331823094, 0.11657944203673683, 0.0, 0.1671302784785612, 0.2798416854209109, 0.7180413207740852, 0.16265582289892427, 0.23557026870202818, 0.1731148842088099]
PACIRA PHARMACEUTICALS, INC. - A_R STRATEGIC LICENSING, DISTRIBUTION AND MARKETING AGREEMENT 	[0.0, 0.25658394204511215, 0.11582182531566135, 0.630857253856024, 0.0, 0.0, 0.0, 0.22456436727937468, 0.0, 0.16096965547294678, 0.10781055377694738, 0.46104896959238756, 0.313320267411235, 0.11344343268565532, 0.3334673228813626]
FTENETWORKS,INC_02_18_2016-EX-99.4-STRATEGIC ALLIANCE AGREEMENT	[0.0, 0.0, 0.0, 0.0, 0.0, 0.0, 0.0, 0.0, 0.0, 0.0, 0.7599501671506229, 0.6499813408458278, 0.0, 0.0, 0.0]
IntegrityFunds_20200121_485BPOS_EX-99.E UNDR CONTR_11948727_EX-99.E UNDR CONTR_Service Agreement	[0.0, 0.3259879111158487, 0.0, 0.0, 0.34914037532895453, 0.0, 0.0, 0.0, 0.0, 0.0, 0.0, 0.23430365801007455, 0.7961419461369861, 0.288258005206781, 0.0]
INTRICONCORP_03_10_2009-EX-10.22-Strategic Alliance Agreement	[0.5485417857965063, 0.0, 0.2615199030097676, 0.35611105115938585, 0.0, 0.0, 0.0, 0.0, 0.0, 0.0, 0.4868617031433394, 0.0, 0.3537307658598125, 0.0, 0.3764762888997077]
BONTONSTORESINC_04_20_2018-EX-99.3-AGENCY AGREEMENT	[0.43817867210541805, 0.46279145713571795, 0.0, 0.0, 0.0, 0.0, 0.0, 0.0, 0.0, 0.0, 0.38890822924740875, 0.6652622849205992, 0.0, 0.0, 0.0]
OPERALTD_04_30_2020-EX-4.14-SERVICE AGREEMENT	[0.0, 0.0, 0.0, 0.0, 0.0, 0.0, 0.0, 0.0, 0.0, 0.0, 0.5669097965300747, 0.0, 0.8237798750869247, 0.0, 0.0]
BORROWMONEYCOM,INC_06_11_2020-EX-10.1-JOINT VENTURE AGREEMENT	[0.0, 0.5574974892859114, 0.0, 0.6853533629565617, 0.0, 0.0, 0.0, 0.0, 0.0, 0.0, 0.4684947356417534, 0.0, 0.0, 0.0, 0.0]
PfHospitalityGroupInc_20150923_10-12G_EX-10.1_9266710_EX-10.1_Franchise Agreement1	[0.20119940877279296, 0.21250091227261828, 0.19184554843522195, 0.0, 0.6827797510770957, 0.22893861824951817, 0.2402661388553645, 0.0, 0.0, 0.0, 0.17857579743777982, 0.0, 0.5189790298465523, 0.0, 0.0]
CORIOINC_07_20_2000-EX-10.5-LICENSE AND HOSTING AGREEMENT	[0.19602044197432536, 0.2070310394930876, 0.0, 0.5090226301636764, 0.2217348937447945, 0.0, 0.0, 0.18119526117025025, 0.0, 0.0, 0.5219375188999759, 0.44641038720254833, 0.0, 0.18306922565283534, 0.2690662788280313]
CYBERIANOUTPOSTINC_07_09_1998-EX-10.13-PROMOTION AGREEMENT	[0.0, 0.16188164709276998, 0.1461465413770426, 0.0, 0.0, 0.1744037717721853, 0.18303299445899998, 0.14168014320685518, 0.8797322441873505, 0.0, 0.27207548345059596, 0.0, 0.0, 0.14314543294204174, 0.0]
LOYALTYPOINTINC_11_16_2004-EX-10.2-RESELLER AGREEMENT	[0.0, 0.0, 0.3935691265910212, 0.0, 0.0, 0.4696651695196466, 0.4929034590064108, 0.0, 0.0, 0.0, 0.0, 0.31333410569834996, 0.532340012999392, 0.0, 0.0]
ENERGOUSCORP_03_16_2017-EX-10.24-STRATEGIC ALLIANCE AGREEMENT	[0.0, 0.2065818266863333, 0.18650180563246607, 0.0, 0.6637613302148694, 0.22256167021229634, 0.23357366951882516, 0.18080210644311293, 0.2806629059916563, 0.25920098665273855, 0.17360167559816497, 0.0, 0.25226158996451653, 0.18267200482601054, 0.26848246290066496]
CytodynInc_20200109_10-Q_EX-10.5_11941634_EX-10.5_License Agreement	[0.15067672429071416, 0.0, 0.1436716886212027, 0.19563740834987067, 0.0, 0.0, 0.0, 0.27856184931681494, 0.6486261111587169, 0.19967551155010418, 0.26746814376489636, 0.3431461237182573, 0.0, 0.14072140110478773, 0.4136509958100173]
NICELTD_06_26_2003-EX-4.5-OUTSOURCING AGREEMENT	[0.24994415453229432, 0.0, 0.23832412677998863, 0.0, 0.0, 0.0, 0.0, 0.23104068076934722, 0.0, 0.0, 0.4436790046527385, 0.7589525914063558, 0.0, 0.23343015843558282, 0.0]
ImpresseCorp_20000322_S-1A_EX-10.11_5199234_EX-10.11_Co-Branding Agreement	[0.25511184715293894, 0.0, 0.0, 0.0, 0.0, 0.0, 0.0, 0.23581753671668726, 0.0, 0.0, 0.22642612033023754, 0.5809831735937895, 0.0, 0.0, 0.7003554803470697]
AlliedEsportsEntertainmentInc_20190815_8-K_EX-10.19_11788293_EX-10.19_Content License Agreement	[0.0, 0.0, 0.38492943699543175, 0.0, 0.4566555879937124, 0.0, 0.0, 0.3731655723370667, 0.0, 0.0, 0.358304280341147, 0.6129114950790684, 0.0, 0.0, 0.0]
Zounds Hearing, Inc. - MANUFACTURING DESIGN MARKETING AGREEMENT	[0.22640357624177723, 0.23912081445274463, 0.21587796165369616, 0.29396052446444987, 0.25610376354516806, 0.0, 0.0, 0.20928049500256046, 0.0, 0.0, 0.4018918287756688, 0.0, 0.2919956600976756, 0.6343347709578718, 0.0]
CUROGROUPHOLDINGSCORP_05_04_2020-EX-10.3-SERVICING AGREEMENT	[0.0, 0.569734833764178, 0.25717793509026426, 0.35019860341785813, 0.0, 0.30690293094660964, 0.3220880023900976, 0.0, 0.0, 0.0, 0.0, 0.4094966441846643, 0.3478578375670574, 0.0, 0.0]
LegacyEducationAllianceInc_20200330_10-K_EX-10.18_12090678_EX-10.18_Development Agreement	[0.0, 0.0, 0.23382033887571654, 0.0, 0.5547788974915244, 0.0, 0.0, 0.2266745335500001, 0.0, 0.3249644813385822, 0.4352944732100652, 0.37230505050179, 0.31626444715000895, 0.2290188554833432, 0.0]
VerizonAbsLlc_20200123_8-K_EX-10.4_11952335_EX-10.4_Service Agreement	[0.2767632889156959, 0.0, 0.263896426299774, 0.0, 0.0, 0.31492043308190704, 0.3305021978458116, 0.2558314628429688, 0.0, 0.0, 0.49128598658492934, 0.0, 0.3569452416751628, 0.2584773326731133, 0.3798974612785913]
VERICELCORP_08_06_2019-EX-10.10-SUPPLY AGREEMENT	[0.337227526969514, 0.0, 0.21436643461836527, 0.14595114078637572, 0.0, 0.25581388643570924, 0.26847115278954, 0.20781516188684737, 0.0, 0.29792736413398835, 0.3990778761154733, 0.5119937811028111, 0.289951174727071, 0.20996443571334503, 0.0]
FuseMedicalInc_20190321_10-K_EX-10.43_11575454_EX-10.43_Distributor Agreement	[0.0, 0.0, 0.0, 0.5687163758545848, 0.0, 0.0, 0.0, 0.40488853009004466, 0.0, 0.0, 0.3887638735902971, 0.0, 0.0, 0.0, 0.6012400623938969]
ASPIRITYHOLDINGSLLC_05_07_2012-EX-10.6-OUTSOURCING AGREEMENT	[0.0, 0.6276346213514826, 0.0, 0.38578783467005406, 0.3361053888747246, 0.0, 0.0, 0.0, 0.0, 0.0, 0.2637173455133493, 0.22555604465982743, 0.38320918649659885, 0.27749603249121196, 0.0]
OASYSMOBILE,INC_07_05_2001-EX-10.17-OUTSOURCING AGREEMENT	[0.6711792557051339, 0.0, 0.0, 0.0, 0.37961311445002505, 0.3818571146309745, 0.0, 0.0, 0.0, 0.0, 0.0, 0.5095070500536389, 0.0, 0.0, 0.0]
MEDIWOUNDLTD_01_15_2014-EX-10.6-SUPPLY AGREEMENT	[0.0, 0.0, 0.0, 0.0, 0.0, 0.0, 0.0, 0.0, 0.0, 0.0, 0.0, 1.0, 0.0, 0.0, 0.0]
UpjohnInc_20200121_10-12G_EX-2.6_11948692_EX-2.6_Manufacturing Agreement_ Supply Agreement	[0.29644111887989094, 0.0, 0.09421980806197051, 0.44904613667992055, 0.3353290061708465, 0.11243707683280332, 0.11800028549730476, 0.3196912168209384, 0.0, 0.13094708187448814, 0.30695953717548746, 0.4875758855889587, 0.12744133230915344, 0.2768550337832107, 0.13563603867919982]
Antares Pharma, Inc. - Manufacturing Agreement	[1.0, 0.0, 0.0, 0.0, 0.0, 0.0, 0.0, 0.0, 0.0, 0.0, 0.0, 0.0, 0.0, 0.0, 0.0]
ELECTRAMECCANICA VEHICLES CORP. - Manufacturing Agreement	[0.12359965456547467, 0.0, 0.11785344530159432, 0.32096153146354167, 0.5592550653581018, 0.14064024494372135, 0.1475989017434884, 0.22850343019303332, 0.0, 0.32758641879100475, 0.10970164878560229, 0.09382723743322939, 0.0, 0.5771666675260098, 0.0]
GopageCorp_20140221_10-K_EX-10.1_8432966_EX-10.1_Content License Agreement	[0.0, 0.2042831124171784, 0.18442652936684642, 0.0, 0.0, 0.4401702843374204, 0.23097460678598836, 0.17879025289025852, 0.0, 0.5126335181015025, 0.34333988793581166, 0.44048517331691767, 0.0, 0.0, 0.26549495679527707]
TELEGLOBEINTERNATIONALHOLDINGSLTD_03_29_2004-EX-10.10-CONSTRUCTION AND MAINTENANCE AGREEMENT	[0.18727159220809822, 0.1977907610648403, 0.0, 0.0, 0.0, 0.0, 0.0, 0.0, 0.6717983216288397, 0.0, 0.08310703823630233, 0.6397290747916338, 0.24152662732655214, 0.0, 0.0]
INTERNATIONALFASTFOODCORP_04_04_1997-EX-99-FRANCHISE AGREEMENT	[0.07337003324758215, 0.077491276409217, 0.0, 0.0, 0.24898469306077062, 0.0, 0.0, 0.06782099970015816, 0.0, 0.09722934308615025, 0.13024006656022663, 0.6683618222921256, 0.6623840555701457, 0.0, 0.10071093414839653]
NANOPHASETECHNOLOGIESCORP_11_01_2005-EX-99.1-DISTRIBUTOR AGREEMENT	[0.3845016672229822, 0.0, 0.3666259939458879, 0.0, 0.4349415574603757, 0.4375126196721161, 0.4591600518639723, 0.3554215025287527, 0.0, 0.0, 0.0, 0.0, 0.0, 0.0, 0.0]
AzulSa_20170303_F-1A_EX-10.3_9943903_EX-10.3_Maintenance Agreement1	[0.20143319444234728, 0.0, 0.0, 0.13076959398288765, 0.11392885230867546, 0.0, 0.0, 0.37239728579042286, 0.0, 0.5338751068923527, 0.1787832953753972, 0.5351934097155937, 0.38968654704883116, 0.18812435354149218, 0.0]
Columbia Laboratories, (Bermuda) Ltd. - AMEND NO. 2 TO MANUFACTURING AND SUPPLY AGREEMENT	[0.0, 0.0, 0.3052676019375954, 0.0, 0.3621498977743745, 0.3642906679564424, 0.3823151938286859, 0.2959382900985007, 0.0, 0.4242621852748756, 0.2841525690460922, 0.243034182788408, 0.0, 0.2989989542742623, 0.0]
N2KINC_10_16_1997-EX-10.16-SPONSORSHIP AGREEMENT	[0.0, 0.0, 0.23895008143025384, 0.6507555539248605, 0.28347504620170944, 0.2851507471476393, 0.2992595549529129, 0.23164750556078564, 0.0, 0.3320938189173876, 0.22242216036426865, 0.0, 0.0, 0.23404325915332838, 0.0]
NUVEEN - REMARKETING AGREEMENT	[0.0, 0.4009407053602689, 0.18098437481333307, 0.4928920148444162, 0.0, 0.21597745182243816, 0.22666367442054278, 0.1754532943451793, 0.2723598326672218, 0.0, 0.16846587955613618, 0.5763518873414034, 0.0, 0.0, 0.0]
ArconicRolledProductsCorp_20191217_10-12B_EX-2.7_11923804_EX-2.7_Trademark License Agreement	[0.0, 0.0, 0.22463229968150744, 0.0, 0.0, 0.0, 0.0, 0.43553458176822174, 0.33804473792840045, 0.3121949061783487, 0.41818944847138084, 0.3576752137106001, 0.303836742399766, 0.22001949199549733, 0.32337399019279356]
PenntexMidstreamPartnersLp_20150416_S-1A_EX-10.4_9042833_EX-10.4_Transportation Agreement	[0.18340031854427152, 0.19370203540586423, 0.17487394674232254, 0.0, 0.0, 0.20868558098727735, 0.21901101335360715, 0.169529607640049, 0.789493108259534, 0.0, 0.3255562064933348, 0.13922324697329694, 0.0, 0.171282923159518, 0.0]
TodosMedicalLtd_20190328_20-F_EX-4.10_11587157_EX-4.10_Marketing Agreement_ Reseller Agreement	[0.0, 0.4673878217307756, 0.0, 0.5745780413081835, 0.0, 0.0, 0.0, 0.0, 0.0, 0.0, 0.0, 0.6718695547085104, 0.0, 0.0, 0.0]
INKTOMICORP_06_08_1998-EX-10.14-SOFTWARE HOSTING AGREEMENT	[0.0, 0.3267377440772515, 0.2949784122647483, 0.0, 0.0, 0.35201207777896837, 0.36942907843633316, 0.28596354931711904, 0.0, 0.40996222659074977, 0.2745750715966914, 0.46968520019782817, 0.0, 0.0, 0.0]
OAKTREECAPITALGROUP,LLC_03_02_2020-EX-10.8-Services Agreement	[0.31620317002728404, 0.0, 0.0, 0.0, 0.35768349260711496, 0.0, 0.0, 0.0, 0.0, 0.0, 0.0, 0.7201105055412622, 0.40781137334374457, 0.2953113915203229, 0.0]
BELLRINGBRANDS,INC_02_07_2020-EX-10.18-MASTER SUPPLY AGREEMENT	[0.0, 0.0, 0.20422130694344326, 0.0, 0.7268251687714592, 0.2437072124429799, 0.25576545972274844, 0.0, 0.0, 0.0, 0.0, 0.0, 0.5524578319172743, 0.0, 0.0]
AimmuneTherapeuticsInc_20200205_8-K_EX-10.3_11967170_EX-10.3_Development Agreement	[0.1624613960186743, 0.0, 0.1549084851136449, 0.0, 0.0, 0.18485982513698399, 0.19400639680079168, 0.3003486247168325, 0.0, 0.43058491628188417, 0.0, 0.6166402338083881, 0.0, 0.15172745081103778, 0.4460033131205502]
HEALTHGATEDATACORP_11_24_1999-EX-10.1-HOSTING AND MANAGEMENT AGREEMENT (1)	[0.640519088287195, 0.0, 0.0, 0.20791116713779548, 0.0, 0.0, 0.0, 0.2960380619433819, 0.0, 0.0, 0.0, 0.6077902967095506, 0.0, 0.29909975798329086, 0.0]
BELLICUMPHARMACEUTICALS,INC_05_07_2019-EX-10.1-Supply Agreement	[0.4743368909876834, 0.0, 0.22614236679331517, 0.30793754136346196, 0.2682807952656442, 0.2698666787090905, 0.2832192549903748, 0.21923120869316062, 0.0, 0.0, 0.42100068324722123, 0.3600796478801251, 0.0, 0.22149854999067486, 0.0]
ScansourceInc_20190822_10-K_EX-10.38_11793958_EX-10.38_Distributor Agreement2	[0.6550609947968252, 0.3459281014730237, 0.3123034420723226, 0.0, 0.0, 0.37268687799001965, 0.3911268350502976, 0.0, 0.0, 0.0, 0.0, 0.24863566046412566, 0.0, 0.0, 0.0]
VERTEXENERGYINC_08_14_2014-EX-10.24-OPERATION AND MAINTENANCE AGREEMENT	[0.1428956313146683, 0.7546108658904985, 0.13625234251814977, 0.1855345018052212, 0.16164103757251694, 0.16259654333286744, 0.17064156303782196, 0.13208832188808364, 0.0, 0.18936407341840442, 0.126827913998535, 0.4339009643568287, 0.0, 0.13345441072608014, 0.0]
STWRESOURCESHOLDINGCORP_08_06_2014-EX-10.1-COOPERATION AGREEMENT	[0.0, 0.0, 0.0, 0.0, 0.0, 0.0, 0.0, 0.0, 0.0, 0.0, 0.6888814191269409, 0.0, 0.0, 0.7248740513921381, 0.0]
ANIXABIOSCIENCESINC_06_09_2020-EX-10.1-COLLABORATION AGREEMENT	[0.23034982640164797, 0.0, 0.21964074868572922, 0.2990843029220159, 0.0, 0.0, 0.0, 0.21292828714688475, 0.661066101652677, 0.0, 0.2044484334731846, 0.0, 0.0, 0.43026088426163367, 0.31618830155832645]
HarpoonTherapeuticsInc_20200312_10-K_EX-10.18_12051356_EX-10.18_Development Agreement	[0.0, 0.8120155520838078, 0.0, 0.0, 0.0, 0.0, 0.0, 0.0, 0.0, 0.0, 0.0, 0.583635796686623, 0.0, 0.0, 0.0]
DigitalCinemaDestinationsCorp_20111220_S-1_EX-10.10_7346719_EX-10.10_Affiliate Agreement	[0.21520281117348203, 0.11364544751132702, 0.0, 0.13970877202757598, 0.12171682705261726, 0.0, 0.0, 0.198926852640494, 0.7719958251623256, 0.0, 0.19100460508586334, 0.3267304480948439, 0.0, 0.20098420145896262, 0.295396842352618]
HUBEIMINKANGPHARMACEUTICALLTD_09_19_2006-EX-10.1-OUTSOURCING AGREEMENT	[0.0, 0.0, 0.423115687731683, 0.0, 0.0, 0.5049245171393391, 0.5299073833592233, 0.0, 0.0, 0.0, 0.0, 0.3368571533308217, 0.0, 0.4144270383290485, 0.0]
MIDDLEBROOKPHARMACEUTICALS,INC_03_18_2010-EX-10.1-PROMOTION AGREEMENT	[0.38551401266171986, 0.0, 0.0, 0.0, 0.0, 0.0, 0.0, 0.0, 0.0, 0.0, 0.0, 0.29265223213619, 0.4972024756528153, 0.720085630513397, 0.0]
AIRSPANNETWORKSINC_04_11_2000-EX-10.5-Distributor Agreement	[0.7479040088006886, 0.0, 0.0, 0.0, 0.0, 0.0, 0.0, 0.0, 0.0, 0.0, 0.6638068948269966, 0.0, 0.0, 0.0, 0.0]
AtnInternationalInc_20191108_10-Q_EX-10.1_11878541_EX-10.1_Maintenance Agreement	[0.3537525530545708, 0.0, 0.11243547378371022, 0.38275781590536506, 0.13338623253347381, 0.0670873580862996, 0.0704067344192436, 0.05449966135739499, 0.25380290583517656, 0.07813164500116923, 0.10465843255153877, 0.6713535103465769, 0.0, 0.22025323926469606, 0.3237175406048589]
InmodeLtd_20190729_F-1A_EX-10.9_11743243_EX-10.9_Manufacturing Agreement	[0.0, 0.0, 0.0, 0.0, 0.0, 0.0, 0.0, 0.46036126416410017, 0.0, 0.0, 0.0, 0.7561273911957859, 0.0, 0.46512242984045254, 0.0]
FUSIONPHARMACEUTICALSINC_06_05_2020-EX-10.17-Supply Agreement - FUSION	[0.40969451656578415, 0.0, 0.0, 0.0, 0.0, 0.0, 0.0, 0.2524726645223389, 0.0, 0.361949122355089, 0.121208979436315, 0.725685773455048, 0.17612946283627007, 0.2550837968614675, 0.0]
RitterPharmaceuticalsInc_20200313_S-4A_EX-10.54_12055220_EX-10.54_Development Agreement	[0.15728083654696645, 0.05537180162554308, 0.0999791816147175, 0.0, 0.3558266600011223, 0.17896502587069194, 0.06260664406450507, 0.14538556269011857, 0.15045670767366257, 0.0694757416191924, 0.232659321908286, 0.3581861077104821, 0.2028471566155928, 0.09792611650321191, 0.7196353093655916]
IGENEBIOTECHNOLOGYINC_05_13_2003-EX-1-JOINT VENTURE AGREEMENT	[0.0, 0.32743864265675354, 0.0, 0.0, 0.0, 0.0, 0.0, 0.0, 0.44485946540469673, 0.0, 0.0, 0.23534637062374508, 0.7996849862096833, 0.0, 0.0]
EtonPharmaceuticalsInc_20191114_10-Q_EX-10.1_11893941_EX-10.1_Development Agreement	[0.09181064173342875, 0.09696770603694901, 0.0875423194480136, 0.0, 0.0, 0.10446850508784895, 0.10963744143023059, 0.08486693040553304, 0.9221850256701533, 0.24333336074516063, 0.08148711102494238, 0.06969549317191892, 0.0, 0.08574464438270245, 0.1260233242983037]
ScansourceInc_20190822_10-K_EX-10.38_11793958_EX-10.38_Distributor Agreement1	[0.0, 0.0, 0.3814698643162529, 0.0, 0.4525513729241952, 0.0, 0.0, 0.36981172798329554, 0.0, 0.5301684070765188, 0.0, 0.3037014610920218, 0.0, 0.37363640882212257, 0.0]
CardlyticsInc_20180112_S-1_EX-10.16_11002987_EX-10.16_Maintenance Agreement1	[0.4328554624563548, 0.0, 0.1834363543326458, 0.06244621557522934, 0.5440428049686381, 0.16417763862719398, 0.17230088842571348, 0.13337275401617138, 0.0, 0.12747030483099575, 0.21343532284964706, 0.438120234698535, 0.186086454676631, 0.3144216290989622, 0.1320347651051763]
NETGEAR,INC_04_21_2003-EX-10.16-DISTRIBUTOR AGREEMENT	[0.31096724780843993, 0.0, 0.29651022617353184, 0.0, 0.3517607090180265, 0.3538400657753159, 0.3713475123865097, 0.0, 0.0, 0.0, 0.0, 0.0, 0.6015878037342665, 0.14521070528741314, 0.21342365970221197]
AMERICASSHOPPINGMALLINC_12_10_1999-EX-10.2-SITE DEVELOPMENT AND HOSTING AGREEMENT	[0.0, 0.0, 0.32914183822909654, 0.0, 0.3904727600025643, 0.39278095461109636, 0.4122151347898725, 0.3190829036135594, 0.0, 0.45744269836080614, 0.0, 0.0, 0.0, 0.3223829348865081, 0.0]
DataCallTechnologies_20060918_SB-2A_EX-10.9_944510_EX-10.9_Content License Agreement	[0.35244210418833294, 0.3722390096477731, 0.33605689590285454, 0.0, 0.0, 0.401033029062959, 0.42087550882923674, 0.0, 0.0, 0.0, 0.0, 0.5350932267149364, 0.0, 0.0, 0.0]
FEDERATEDGOVERNMENTINCOMESECURITIESINC_04_28_2020-EX-99.SERV AGREE-SERVICES AGREEMENT	[0.0, 0.5768976214310809, 0.0, 0.0, 0.0, 0.0, 0.0, 0.0, 0.0, 0.0, 0.4847976965616457, 0.4146448944561548, 0.0, 0.5101273755613671, 0.0]
AMBASSADOREYEWEARGROUPINC_11_17_1997-EX-10.28-ENDORSEMENT AGREEMENT	[0.29024171623178724, 0.30654478487297304, 0.27674823484270983, 0.0, 0.0, 0.0, 0.0, 0.2682905060585906, 0.0, 0.0, 0.515211712021789, 0.4406578403094472, 0.3743285460671294, 0.27106523027666046, 0.0]
MRSFIELDSORIGINALCOOKIESINC_01_29_1998-EX-10-FRANCHISE AGREEMENT	[0.12829536637107122, 0.13550180172243642, 0.06116542556780154, 0.1665776389703498, 0.0, 0.0, 0.0, 0.1185922865105263, 0.0, 0.1700159266817192, 0.056934678628101934, 0.24347964086956553, 0.9100531867501829, 0.0, 0.0]
UsioInc_20040428_SB-2_EX-10.11_1723988_EX-10.11_Affiliate Agreement 2	[0.0, 0.0, 0.4649201243415507, 0.0, 0.0, 0.5548117833919322, 0.5822629926146982, 0.0, 0.0, 0.0, 0.0, 0.3701391230646618, 0.0, 0.0, 0.0]
Magenta Therapeutics, Inc. - Master Development and Manufacturing Agreement	[0.5255153936468107, 0.0, 0.0, 0.4548832172320684, 0.3963025447682366, 0.0, 0.0, 0.16192341649294703, 0.0, 0.0, 0.3109496562264849, 0.39893038364760536, 0.2259213639739836, 0.1635980669746807, 0.0]
SUMMAFOURINC_06_19_1998-EX-10.3-SOFTWARE LICENSE AND MAINTENANCE AGREEMENT	[0.2463138369261506, 0.0, 0.0, 0.0, 0.8358777060483252, 0.0, 0.0, 0.22768492695025155, 0.0, 0.0, 0.0, 0.18698229328883015, 0.3176741842966128, 0.23003969861243012, 0.0]
MACROGENICSINC_08_02_2013-EX-10-COLLABORATION AGREEMENT	[0.17485601588844973, 0.0, 0.08336343647808389, 0.0, 0.09889703265933301, 0.09948164091109067, 0.10440383510418923, 0.08081575867033018, 0.8781639930633385, 0.11585885140685606, 0.07759727691181813, 0.26547415487643106, 0.0, 0.08165157446597104, 0.24001505685801172]
GSVINC_05_15_1998-EX-10-SPONSORSHIP AGREEMENT	[0.250323924107976, 0.0, 0.47737248135935356, 0.0, 0.5663240849251033, 0.2848358931551036, 0.2989291224829864, 0.2313917280721544, 0.0, 0.3317271319427664, 0.0, 0.0, 0.0, 0.23378483635308114, 0.0]
ELANDIAINTERNATIONALINC_04_25_2007-EX-10.21-Outsourcing Agreement	[0.3127469120269528, 0.0, 0.0, 0.0, 0.3537738340391661, 0.0, 0.0, 0.2890936161256864, 0.0, 0.0, 0.8327414511612882, 0.0, 0.0, 0.0, 0.0]
PhasebioPharmaceuticalsInc_20200330_10-K_EX-10.21_12086810_EX-10.21_Development Agreement	[0.0, 0.0, 0.0, 0.0, 0.0, 0.0, 0.0, 0.0, 0.0, 0.5966291869620951, 0.0, 0.6835456560291843, 0.0, 0.4204746715184894, 0.0]
HEMISPHERX - Sales, Marketing, Distribution, and Supply Agreement	[0.31571730194163583, 0.0, 0.15051972396668412, 0.2049623623483621, 0.5357008306964568, 0.0, 0.0, 0.1459196765528524, 0.0, 0.209192939610182, 0.2802168719233125, 0.47933600389415737, 0.2035923714523332, 0.2948576251002844, 0.21668372629776156]
TomOnlineInc_20060501_20-F_EX-4.46_749700_EX-4.46_Co-Branding Agreement	[0.0, 0.13042794608687458, 0.0, 0.0, 0.04656375333498485, 0.0, 0.0, 0.03805053550259166, 0.9450663228467366, 0.05454989733783881, 0.036535175671394936, 0.2812350749783043, 0.0530894732020457, 0.0, 0.0]
CERES,INC_01_25_2012-EX-10.20-Collaboration Agreement	[0.0, 0.0, 0.13582076807926377, 0.184946827883212, 0.1611290453469006, 0.16208152457680944, 0.17010106196857344, 0.263339873672275, 0.8175760300844848, 0.0, 0.2528523822021956, 0.21626329925824017, 0.0, 0.1330316986364271, 0.0]
INTERSECTENT,INC_05_11_2020-EX-10.1-SUPPLY AGREEMENT	[0.0, 0.0, 0.0, 0.0, 0.0, 0.0, 0.0, 0.0, 0.0, 0.0, 0.0, 1.0, 0.0, 0.0, 0.0]
TRANSPHORM,INC_02_14_2020-EX-10.12(1)-JOINT VENTURE AGREEMENT	[0.0, 0.243202828136012, 0.21956319832120674, 0.29897870276879596, 0.0, 0.0, 0.0, 0.21285310680633232, 0.6608326936103927, 0.0, 0.0, 0.5244057554982079, 0.0, 0.21505448425730314, 0.0]
EuromediaHoldingsCorp_20070215_10SB12G_EX-10.B(01)_525118_EX-10.B(01)_Content License Agreement	[0.0, 0.40290984061714974, 0.3637464823867721, 0.0, 0.0, 0.0, 0.0, 0.3526299919927025, 0.0, 0.5055363770145801, 0.33858652800243705, 0.28959125871175495, 0.0, 0.3562769752317823, 0.0]
Sonos, Inc. - Manufacturing Agreement 	[0.1144874964373088, 0.12091833462696579, 0.21832983185148483, 0.297299230480291, 0.2590125050422979, 0.13027180050415943, 0.1367174430779399, 0.31748615004760644, 0.0, 0.4551535651870922, 0.10161409567577225, 0.17381999244454155, 0.590624099673097, 0.10692322243847957, 0.15715057229979595]
VAPOTHERM, INC. - Manufacturing and Supply Agreement	[0.5360933128518588, 0.5662060278363747, 0.0, 0.0, 0.0, 0.0, 0.0, 0.0, 0.0, 0.0, 0.47581298288848317, 0.4069603165814051, 0.0, 0.0, 0.0]
HYPERIONSOFTWARECORP_09_28_1994-EX-10.47-EXCLUSIVE DISTRIBUTOR AGREEMENT	[0.0, 0.37729601910455074, 0.3406223574921816, 0.0, 0.0, 0.40648121629720557, 0.4265932637477486, 0.33021256564973855, 0.0, 0.0, 0.31706187404625397, 0.2711813365294372, 0.0, 0.33362770253430357, 0.0]
BUFFALOWILDWINGSINC_06_05_1998-EX-10.3-FRANCHISE AGREEMENT	[0.0, 0.39586478668201985, 0.0, 0.6488693205921982, 0.28265338578267996, 0.0, 0.0, 0.0, 0.0, 0.0, 0.5544436586432736, 0.09484254316822702, 0.16113305173256554, 0.0, 0.0]
ReynoldsConsumerProductsInc_20200121_S-1A_EX-10.22_11948918_EX-10.22_Service Agreement	[0.10618915357599464, 0.11215386837363013, 0.25313091785304337, 0.137875115737131, 0.24023862458290807, 0.30207342855847275, 0.1902117263190011, 0.14723697606627936, 0.5333044485229596, 0.21108144268304233, 0.329870972939664, 0.4836632413141847, 0.06847677167546981, 0.09917315725894335, 0.0]
WARNINGMANAGEMENTSERVICESINC_12_10_1999-EX-10-ENDORSEMENT AGREEMENT	[0.29395919696405615, 0.31047107894998555, 0.0, 0.0, 0.0, 0.0, 0.0, 0.2717268307877588, 0.0, 0.3895522238418682, 0.2609053293556406, 0.6694528265356245, 0.0, 0.2745370942933988, 0.0]
LinkPlusCorp_20050802_8-K_EX-10_3240252_EX-10_Affiliate Agreement	[0.0, 0.0, 0.0, 0.0, 0.0, 0.0, 0.0, 0.0, 0.37508896470465025, 0.0, 0.0, 0.29765296695649046, 0.505698490580115, 0.0, 0.7176210813819403]
NeoformaInc_19991202_S-1A_EX-10.26_5224521_EX-10.26_Co-Branding Agreement	[0.05635905885124309, 0.0, 0.05373889824308349, 0.0, 0.12750476225917118, 0.06412923943438366, 0.06730225273674625, 0.05209657872926365, 0.9704473559092345, 0.07468654471736427, 0.05002183623993057, 0.12835023240815865, 0.0, 0.0, 0.0]
AULAMERICANUNITTRUST_04_24_2020-EX-99.8.77-SERVICING AGREEMENT	[0.0, 0.0, 0.41457143118826933, 0.0, 0.0, 0.4947282404835946, 0.5192066110670329, 0.0, 0.0, 0.0, 0.38589596956097444, 0.0, 0.0, 0.406058237462804, 0.0]
RaeSystemsInc_20001114_10-Q_EX-10.57_2631790_EX-10.57_Co-Branding Agreement	[0.5356608515434447, 0.3771661832606799, 0.17025257093022886, 0.0, 0.0, 0.20317066859310356, 0.21322323181982689, 0.33009893225593906, 0.0, 0.23661773255024518, 0.31695276609416434, 0.13554400853881707, 0.0, 0.3335128939169213, 0.24509054699769015]
ZogenixInc_20190509_10-Q_EX-10.2_11663313_EX-10.2_Distributor Agreement	[0.3908457148204615, 0.20639988820986716, 0.12422503454100137, 0.3383138883242455, 0.36843152757198355, 0.14824377209575162, 0.07778931969437583, 0.12042858159906021, 0.18694381576068766, 0.1726484706719261, 0.23126504405063653, 0.39559952723323494, 0.08401314030295597, 0.12167408263008714, 0.4470766799600665]
LeadersonlineInc_20000427_S-1A_EX-10.8_4991089_EX-10.8_Co-Branding Agreement	[0.0, 0.0, 0.0, 0.0, 0.0, 0.0, 0.0, 0.353735974610551, 0.0, 0.0, 0.339648464942322, 0.8714985832051867, 0.0, 0.0, 0.0]
CHANGEPOINTCORP_03_08_2000-EX-10.6-LICENSE AND HOSTING AGREEMENT	[0.5686545688831554, 0.20019875703200607, 0.18073917861388822, 0.4922242486413878, 0.0, 0.0, 0.0, 0.1752155916098029, 0.0, 0.0, 0.3364752866300937, 0.43167828777245093, 0.0, 0.17702771292771857, 0.0]
Apollo Endosurgery - Manufacturing and Supply Agreement	[0.0, 0.0, 0.5320206974489419, 0.0, 0.0, 0.0, 0.0, 0.5157615629720103, 0.0, 0.0, 0.0, 0.42356022915741504, 0.0, 0.521095691713843, 0.0]
MJBIOTECH,INC_12_06_2018-EX-99.01-JOINT VENTURE AGREEMENT	[0.0, 0.7112738322122001, 0.0, 0.4371983033627911, 0.0, 0.0, 0.0, 0.0, 0.0, 0.0, 0.29886057999828614, 0.0, 0.0, 0.0, 0.462200749534178]
HOSPITALITYINVESTORSTRUST,INC_04_07_2014-EX-10.26-FRANCHISE AGREEMENT	[0.24092427285992782, 0.25445714817763865, 0.0, 0.6256281528918013, 0.27252932145788683, 0.0, 0.0, 0.0, 0.0, 0.0, 0.6415015492912818, 0.0, 0.0, 0.0, 0.0]
FulucaiProductionsLtd_20131223_10-Q_EX-10.9_8368347_EX-10.9_Content License Agreement	[0.6623280786078156, 0.0, 0.0, 0.0, 0.7492139322567882, 0.0, 0.0, 0.0, 0.0, 0.0, 0.0, 0.0, 0.0, 0.0, 0.0]
FuelcellEnergyInc_20191106_8-K_EX-10.1_11868007_EX-10.1_Development Agreement	[0.7185403137850562, 0.37945059857607616, 0.3425675090491396, 0.0, 0.20320005725391269, 0.0, 0.0, 0.0, 0.0, 0.0, 0.3188724815545037, 0.13636496975633497, 0.0, 0.0, 0.24657500828841356]
DYNAMEXINC_06_06_1996-EX-10.4-TRANSPORTATION SERVICES AGREEMENT	[0.0, 0.0, 0.0, 0.0, 0.0, 0.0, 0.0, 0.0, 0.8839254735541671, 0.0, 0.0, 0.4676277977216939, 0.0, 0.0, 0.0]
VALENCETECHNOLOGYINC_02_14_2003-EX-10-JOINT VENTURE CONTRACT	[0.0, 0.10437483844686979, 0.0, 0.0, 0.3353633895088396, 0.0, 0.0, 0.09134971334873047, 0.7090203901475647, 0.0, 0.08771171760513384, 0.5251355627888572, 0.0, 0.09229447380882333, 0.2712998925469227]
SFGFINANCIALCORP_05_12_2009-EX-10.1-SOFTWARE LICENSE AND MAINTENANCE AGREEMENT	[0.796498903664283, 0.0, 0.0, 0.0, 0.0, 0.0, 0.0, 0.0, 0.0, 0.0, 0.0, 0.6046399725965818, 0.0, 0.0, 0.0]
VAXCYTE,INC_05_22_2020-EX-10.19-SUPPLY AGREEMENT	[0.49020622093842253, 0.0, 0.09348325810289983, 0.38188781342104344, 0.22180507954788775, 0.11155811596414225, 0.0, 0.36250522990598244, 0.0, 0.0, 0.4350856065978494, 0.29770112639834684, 0.0, 0.3662543452040744, 0.0]
ExactSciencesCorp_20180822_8-K_EX-10.1_11331629_EX-10.1_Promotion Agreement	[0.15411042315310428, 0.10851127151417453, 0.0, 0.0, 0.058109004616458446, 0.0, 0.0, 0.09496995344305974, 0.9582550428053324, 0.13615054668929388, 0.0, 0.07799242543708983, 0.0, 0.09595215528716776, 0.0]
GpaqAcquisitionHoldingsInc_20200123_S-4A_EX-10.8_11951679_EX-10.8_Service Agreement	[0.0, 0.0, 0.2782521108752675, 0.0, 0.0, 0.332051769292448, 0.3484811654669654, 0.0, 0.0, 0.0, 0.0, 0.22152620830540803, 0.0, 0.0, 0.8011269572619731]
SUCAMPOPHARMACEUTICALS,INC_11_04_2015-EX-10.2-STRATEGIC ALLIANCE AGREEMENT	[0.0, 0.4139405205914278, 0.18685248299203755, 0.0, 0.22166979785915072, 0.44596030110266427, 0.23401285560291968, 0.1811420667189795, 0.0, 0.0, 0.521784290941716, 0.29751955476256564, 0.2527359147464674, 0.18301548105189894, 0.0]
PHREESIA,INC_05_28_2019-EX-10.18-STRATEGIC ALLIANCE AGREEMENT	[0.18412887628622715, 0.19447151671673468, 0.08778431673669282, 0.0, 0.10414168136612657, 0.1047572922155266, 0.0, 0.08510153199235601, 0.9247342644529488, 0.12200300921283053, 0.0, 0.0, 0.11873671270286047, 0.08598167227492891, 0.0]
Array BioPharma Inc. - LICENSE, DEVELOPMENT AND COMMERCIALIZATION AGREEMENT	[0.09878307131577596, 0.0, 0.0941905973197538, 0.6412955999684501, 0.11174168163980044, 0.11240221823422919, 0.1179637021504262, 0.182624059266287, 0.0, 0.13090648466322918, 0.35070213856320553, 0.5249189331086173, 0.0, 0.09225640035928787, 0.27118797552370794]
FOUNDATIONMEDICINE,INC_02_02_2015-EX-10.2-Collaboration Agreement	[0.26828462259210634, 0.1133417387203514, 0.10232477495208041, 0.0, 0.12139154811540463, 0.061054563896050434, 0.0, 0.09919761789927173, 0.6929394526782643, 0.14221139863313806, 0.09524707992314473, 0.5702502503098662, 0.13840407782990224, 0.15033531488190327, 0.0]
RevolutionMedicinesInc_20200117_S-1_EX-10.1_11948417_EX-10.1_Development Agreement	[0.15241650580699714, 0.10731856098035558, 0.0, 0.0, 0.0, 0.0, 0.0, 0.0939260834165894, 0.8748205882792309, 0.2019810551958431, 0.09018548392091508, 0.34710824385485733, 0.0, 0.047448744654316095, 0.13947573234847016]
ETELOS,INC_03_09_2004-EX-10.8-DISTRIBUTOR AGREEMENT	[0.0, 0.0, 0.0, 0.0, 1.0, 0.0, 0.0, 0.0, 0.0, 0.0, 0.0, 0.0, 0.0, 0.0, 0.0]
ImineCorp_20180725_S-1_EX-10.5_11275970_EX-10.5_Distributor Agreement	[0.0, 0.21708519703695092, 0.1959842347843344, 0.0, 0.23250312231641596, 0.2338775138447625, 0.24544940319037414, 0.1899947421875302, 0.0, 0.0, 0.36485643057454553, 0.624119533653744, 0.26508748538394283, 0.19195971299547426, 0.2821330864125453]
CCAINDUSTRIESINC_04_14_2014-EX-10.1-OUTSOURCING AGREEMENT	[0.2540854455457458, 0.26835759261419295, 0.24227288711955125, 0.0, 0.0, 0.2891160126928873, 0.30342101556352336, 0.23486876267349185, 0.0, 0.0, 0.22551513114486216, 0.1928818936538345, 0.655394659615379, 0.23729783127316834, 0.0]
Microgenics Corporation - Collaborative Development and Commercialization Agreement	[0.17302734206888937, 0.0, 0.3299664301795258, 0.0, 0.0, 0.39376498026762435, 0.41324784847896673, 0.31988229513198496, 0.37242000228826727, 0.1146471799224319, 0.23035725435493665, 0.39404667182475633, 0.0, 0.24239294542659537, 0.11875246937785905]
SigaTechnologiesInc_20190603_8-K_EX-10.1_11695818_EX-10.1_Promotion Agreement	[0.3193261511299606, 0.0, 0.20298701328828114, 0.0, 0.3612161541805425, 0.12111713491362854, 0.12710981911843977, 0.5903505243607453, 0.0, 0.2821121969494538, 0.0944733095532514, 0.40401259893002023, 0.0, 0.09940934497998097, 0.2922140784625234]
AIRTECHINTERNATIONALGROUPINC_05_08_2000-EX-10.4-FRANCHISE AGREEMENT	[0.0, 0.4689309176214256, 0.21167511260822555, 0.5764750291482112, 0.0, 0.25260220106020026, 0.26510055830315776, 0.0, 0.0, 0.0, 0.3940675438138632, 0.33704387680092485, 0.0, 0.0, 0.0]
IMMUNOMEDICSINC_08_07_2019-EX-10.1-PROMOTION AGREEMENT	[0.24683014063284534, 0.1955210643291079, 0.058838721232930484, 0.0, 0.13960496786708923, 0.07021510610231381, 0.07368923845838833, 0.17112163664995203, 0.8854523649283383, 0.16354859992096643, 0.10953781987740635, 0.04684355771918261, 0.0, 0.11526094487470347, 0.0]
NETGROCERINC_07_31_1998-EX-10.15-SPONSORSHIP AGREEMENT	[0.0, 0.0, 0.0, 0.46453469809357256, 0.4047110907011253, 0.0, 0.0, 0.33071805045933955, 0.0, 0.4741230435271641, 0.3175472279597813, 0.2715964571533093, 0.0, 0.334138415188019, 0.0]
CoherusBiosciencesInc_20200227_10-K_EX-10.29_12021376_EX-10.29_Development Agreement	[0.0, 0.0, 0.3281298981947071, 0.4468137285848379, 0.0, 0.0, 0.0, 0.0, 0.0, 0.0, 0.30543350477106707, 0.5224713081245776, 0.0, 0.32139177496599824, 0.4723660605853328]
DIVERSINETCORP_03_01_2012-EX-4-RESELLER AGREEMENT	[0.0, 0.17053321173541675, 0.1539571627336325, 0.41928622964151824, 0.3652898007631719, 0.18372456589867317, 0.19281496673156878, 0.2985041268619251, 0.0, 0.0, 0.5732324430910563, 0.12257066584170072, 0.20824183726214363, 0.3015913275316972, 0.0]
KALLOINC_11_03_2011-EX-10.1-STRATEGIC ALLIANCE AGREEMENT	[0.20203909344476506, 0.21338776258646242, 0.38529239150038036, 0.0, 0.22854308696608971, 0.4597881392172811, 0.48253772887205515, 0.18675871727765905, 0.0, 0.0, 0.0, 0.15337235413869532, 0.2605724672517524, 0.3773804406927981, 0.0]
RandWorldwideInc_20010402_8-KA_EX-10.2_2102464_EX-10.2_Co-Branding Agreement	[0.0, 0.19534819587672111, 0.0, 0.0, 0.0, 0.0, 0.0, 0.17097034076477938, 0.796202549097921, 0.0, 0.1641614592786485, 0.4212192721157542, 0.0, 0.17273855668885715, 0.2538827620680215]
GOLDRESOURCECORP_12_11_2008-EX-10.1-STRATEGIC ALLIANCE AGREEMENT	[0.0, 0.4187950838842403, 0.0, 0.0, 0.4485389420508358, 0.0, 0.0, 0.0, 0.0, 0.0, 0.3519357412061647, 0.6020175396985323, 0.0, 0.37032365727199046, 0.0]
BloomEnergyCorp_20180321_DRSA (on S-1)_EX-10_11240356_EX-10_Maintenance Agreement	[0.0, 0.0, 0.0, 0.6556139728223603, 0.0, 0.0, 0.0, 0.0, 0.0, 0.0, 0.44816544498362515, 0.3833135242846627, 0.0, 0.47158116444911374, 0.0]
AudibleInc_20001113_10-Q_EX-10.32_2599586_EX-10.32_Co-Branding Agreement_ Marketing Agreement_ Investment Distribution Agreement	[0.0, 0.08793261504556354, 0.07938545100040541, 0.0, 0.1883556118113482, 0.09473451747713793, 0.09942183151359123, 0.0, 0.9557248540591475, 0.11033023061303661, 0.0, 0.0, 0.0, 0.07775527662632276, 0.0]
NeuroboPharmaceuticalsInc_20190903_S-4_EX-10.36_11802165_EX-10.36_Manufacturing Agreement_ Supply Agreement	[0.2691869914777557, 0.0, 0.2566723546886523, 0.0, 0.30449961418115246, 0.3062995972779206, 0.3214548167260723, 0.2488281667624974, 0.0, 0.0, 0.0, 0.0, 0.34717399155530954, 0.5028032136781303, 0.3694979022408256]
RangeResourcesLouisianaInc_20150417_8-K_EX-10.5_9045501_EX-10.5_Transportation Agreement	[0.0, 0.5148489135272339, 0.0, 0.0, 0.0, 0.0, 0.0, 0.0, 0.0, 0.0, 0.43265487338308795, 0.740094829584487, 0.0, 0.0, 0.0]
AURASYSTEMSINC_06_16_2010-EX-10.25-STRATEGIC ALLIANCE AGREEMENT	[0.2723091484392051, 0.2876049329193446, 0.0, 0.353563938434315, 0.0, 0.0, 0.0, 0.0, 0.7814824522124216, 0.0, 0.0, 0.20671591045839977, 0.0, 0.2543174805690816, 0.0]
EhaveInc_20190515_20-F_EX-4.44_11678816_EX-4.44_License Agreement_ Reseller Agreement	[0.39857210458096226, 0.21048008129466475, 0.09501057242253581, 0.12937567820748427, 0.3381433424829018, 0.0, 0.0, 0.09210694539983616, 0.0, 0.13204608947805133, 0.176877585888871, 0.7564122978792295, 0.0, 0.09305953733388524, 0.13677439957805904]
VirtuosoSurgicalInc_20191227_1-A_EX1A-6 MAT CTRCT_11933379_EX1A-6 MAT CTRCT_License Agreement	[0.25845689229052765, 0.545949172811981, 0.24644110313630455, 0.3355782840110271, 0.0, 0.0, 0.0, 0.23890959344927565, 0.0, 0.0, 0.0, 0.5886010673197742, 0.0, 0.2413804532818191, 0.0]
InnerscopeHearingTechnologiesInc_20181109_8-K_EX-10.6_11419704_EX-10.6_Distributor Agreement	[0.0, 0.0, 0.0, 0.5940864708436367, 0.0, 0.0, 0.0, 0.422950363553037, 0.0, 0.0, 0.40610639583871483, 0.34734064298323514, 0.0, 0.4273246167982702, 0.0]
SmartRxSystemsInc_20180914_1-A_EX1A-6 MAT CTRCT_11351705_EX1A-6 MAT CTRCT_Distributor Agreement	[0.0, 0.0, 0.3131128939702145, 0.0, 0.3714570489086241, 0.37365283628592144, 0.39214058743434793, 0.0, 0.47119744726932455, 0.0, 0.0, 0.4985601866923353, 0.0, 0.0, 0.0]
BIOFRONTERAAG_04_29_2019-EX-4.17-SUPPLY AGREEMENT	[0.16184665843574483, 0.17093769199246941, 0.15432232698594373, 0.10507017907213417, 0.09153905391127624, 0.09208016707549989, 0.09663614805377545, 0.14960606786427996, 0.46447328061396254, 0.0, 0.6464160765227908, 0.3071534645912198, 0.3131036354351629, 0.15115332939720413, 0.11107892036015583]
HealthcentralCom_19991108_S-1A_EX-10.27_6623292_EX-10.27_Co-Branding Agreement	[0.2603718129823749, 0.5499941389123214, 0.0, 0.0, 0.0, 0.0, 0.0, 0.0, 0.373612131767743, 0.0, 0.0, 0.1976540145156826, 0.6716098805915248, 0.0, 0.0]
IVILLAGEINC_03_17_1999-EX-10.16-SPONSORSHIP AGREEMENT	[0.0, 0.0, 0.0, 0.0, 0.0, 0.0, 0.0, 0.0, 0.7833262095339616, 0.0, 0.0, 0.6216108504982486, 0.0, 0.0, 0.0]
PaperexchangeComInc_20000322_S-1A_EX-10.4_5202103_EX-10.4_Co-Branding Agreement	[0.06782857841622209, 0.0, 0.06467519415296216, 0.0, 0.0, 0.0771800529392948, 0.08099879984497117, 0.06269864947322139, 0.9732843001164522, 0.0, 0.06020168028140721, 0.1544705319976275, 0.0, 0.0, 0.0]
IPAYMENT,INC_05_14_2007-EX-10.1-SPONSORSHIP AGREEMENT	[0.0, 0.3056738245411643, 0.0, 0.0, 0.0, 0.0, 0.0, 0.26752823444377666, 0.0, 0.38353304444000014, 0.5137478836162913, 0.4394058356505877, 0.0, 0.27029507506752387, 0.3972666065233649]
BIOPURECORP_06_30_1999-EX-10.13-AGENCY AGREEMENT	[0.0, 0.0, 0.0, 0.0, 0.5791304978036135, 0.0, 0.0, 0.0, 0.0, 0.0, 0.0, 0.0, 0.6602932719457574, 0.4781429300291965, 0.0]
STARTECGLOBALCOMMUNICATIONSCORP_11_16_1998-EX-10.30-CONSTRUCTION AND MAINTENANCE AGREEMENT	[0.2539109363236811, 0.40225992164103064, 0.0, 0.0, 0.0, 0.0, 0.0, 0.11735372586084213, 0.36434130527583525, 0.0, 0.22536024439007232, 0.6746229694234618, 0.32747226297643284, 0.11856742600256721, 0.0]
FIBROGENINC_10_01_2014-EX-10.11-COLLABORATION AGREEMENT	[0.04609553652343203, 0.09736950642818858, 0.04395253216046945, 0.29925031037115557, 0.15642739282984425, 0.05245069308857609, 0.0, 0.1704371787966901, 0.793719633545575, 0.06108541235429572, 0.24547429567120932, 0.349921435072058, 0.05945001769911262, 0.1291499104746736, 0.06327276052446597]
SoupmanInc_20150814_8-K_EX-10.1_9230148_EX-10.1_Franchise Agreement1	[0.0, 0.1898269801104246, 0.0, 0.23336169525213246, 0.406617919397401, 0.0, 0.0, 0.1661381275121149, 0.0, 0.23817845609740143, 0.31904337714029307, 0.27287610559933917, 0.6954056403063019, 0.0, 0.0]
IntegrityMediaInc_20010329_10-K405_EX-10.17_2373875_EX-10.17_Co-Branding Agreement	[0.0, 0.4770724296803486, 0.0, 0.0, 0.0, 0.0, 0.0, 0.4175376972685432, 0.6481525341814824, 0.0, 0.0, 0.0, 0.0, 0.4218559714318306, 0.0]
IOVANCEBIOTHERAPEUTICS,INC_08_03_2017-EX-10.1-STRATEGIC ALLIANCE AGREEMENT	[0.0, 0.0, 0.33711134292396344, 0.0, 0.3999272690701478, 0.40229135194821225, 0.4221960915399423, 0.3268088515273279, 0.0, 0.0, 0.313793712593204, 0.2683860954002474, 0.0, 0.3301887863909732, 0.0]
NEONSYSTEMSINC_03_01_1999-EX-10.5-DISTRIBUTOR AGREEMENT_New	[0.8286298183391099, 0.0, 0.1316844011609088, 0.0, 0.0, 0.1571453968710318, 0.16492070247382193, 0.0, 0.19816927014865274, 0.18301552948472255, 0.0, 0.1048385436875308, 0.0, 0.12898027170729096, 0.3791379094629572]
FIDELITYNATIONALINFORMATIONSERVICES,INC_08_05_2009-EX-10.3-INTELLECTUAL PROPERTY AGREEMENT	[0.0, 0.3306746767581156, 0.2985326699911527, 0.0, 0.0, 0.35625354629060524, 0.3738804080991029, 0.0, 0.0, 0.0, 0.5557669702500332, 0.4753445372285076, 0.0, 0.0, 0.0]
OFGBANCORP_03_28_2007-EX-10.23-OUTSOURCING AGREEMENT	[0.796498903664283, 0.0, 0.0, 0.0, 0.0, 0.0, 0.0, 0.0, 0.0, 0.0, 0.0, 0.6046399725965818, 0.0, 0.0, 0.0]
OMINTO,INC_03_29_2004-EX-10-RESELLER AGREEMENT	[0.38162898605258705, 0.0, 0.3638868651483657, 0.0, 0.0, 0.434243884133413, 0.45572958446258555, 0.0, 0.0, 0.0, 0.33871720063884986, 0.2897030223235006, 0.0, 0.3564144752437331, 0.0]
ADIANUTRITION,INC_04_01_2005-EX-10.D2-RESELLER AGREEMENT	[0.0, 0.27453454690671886, 0.0, 0.0, 0.0, 0.0, 0.0, 0.4805497673084921, 0.0, 0.0, 0.6921178612427634, 0.3946431533010019, 0.0, 0.24275986364278038, 0.0]
GSITECHNOLOGYINC_11_16_2009-EX-10.2-INTELLECTUAL PROPERTY AGREEMENT between SONY ELECTRONICS INC. and GSI TECHNOLOGY, INC.	[0.32767658967208646, 0.0, 0.0, 0.0, 0.0, 0.0, 0.0, 0.0, 0.0, 0.0, 0.2908314127725094, 0.0, 0.8452175861186829, 0.30602675379993205, 0.0]
MusclepharmCorp_20170208_10-KA_EX-10.38_9893581_EX-10.38_Co-Branding Agreement	[0.0, 0.3080673295895547, 0.0, 0.1893595795576477, 0.0, 0.0, 0.0, 0.40443457449430914, 0.0, 0.0, 0.5177706623245476, 0.33213487268202574, 0.0, 0.4086173330457021, 0.40037730672708]
STAMPSCOMINC_06_24_1999-EX-10.18-SPONSORSHIP AGREEMENT	[0.12958973573262153, 0.0, 0.24713008924668467, 0.0, 0.4397689240010866, 0.2949123480919337, 0.3095041444671917, 0.23957752339045948, 0.0, 0.3434624278681467, 0.0, 0.09837444082056958, 0.0, 0.4841105822266013, 0.35576114018201693]
BEYONDCOMCORP_08_03_2000-EX-10.2-CO-HOSTING AGREEMENT	[0.3168859012170586, 0.0, 0.0, 0.0, 0.0, 0.0, 0.0, 0.0, 0.0, 0.0, 0.0, 0.48111022311936263, 0.8173838014176018, 0.0, 0.0]
VISIUMTECHNOLOGIES,INC_10_20_2004-EX-10.20-DISTRIBUTOR AGREEMENT	[0.0, 0.0, 0.38560930590855047, 0.0, 0.4574621408536397, 0.4601663285852472, 0.48293463045157947, 0.18691233185625525, 0.0, 0.0, 0.17946856172505724, 0.30699701488875264, 0.0, 0.18884542364349946, 0.0]
HALITRON,INC_03_01_2005-EX-10.15-SPONSORSHIP AND DEVELOPMENT AGREEMENT	[0.0, 0.7265440154461164, 0.0, 0.446584418666855, 0.0, 0.0, 0.0, 0.0, 0.0, 0.0, 0.0, 0.5222031698710957, 0.0, 0.0, 0.0]
INNOVIVA,INC_08_07_2014-EX-10.1-COLLABORATION AGREEMENT	[0.16306001484105764, 0.0, 0.15547927384997498, 0.21171577003125705, 0.1844506353553791, 0.18554097508116377, 0.19472124896649864, 0.1507276571665939, 0.701933120790282, 0.0, 0.14472493909433207, 0.2475649431569116, 0.0, 0.0, 0.44764669416135205]
CybergyHoldingsInc_20140520_10-Q_EX-10.27_8605784_EX-10.27_Affiliate Agreement	[0.0, 0.0, 0.0, 0.0, 0.0, 0.0, 0.0, 0.0, 0.0, 0.0, 0.0, 1.0, 0.0, 0.0, 0.0]
WestPharmaceuticalServicesInc_20200116_8-K_EX-10.1_11947529_EX-10.1_Supply Agreement	[0.0, 0.0, 0.0, 0.0, 0.0, 0.0, 0.0, 0.0, 0.0, 0.0, 0.0, 1.0, 0.0, 0.0, 0.0]
FLOTEKINDUSTRIESINCCN_05_09_2019-EX-10.1-SUPPLY AGREEMENT	[0.0, 0.30280906193414503, 0.0, 0.3722549660198669, 0.0, 0.0, 0.0, 0.265020970750175, 0.0, 0.0, 0.25446652971025263, 0.6529316131409147, 0.36976677302381833, 0.2677618806565296, 0.0]
EUROPEANMICROHOLDINGSINC_03_06_1998-EX-10.6-DISTRIBUTOR AGREEMENT	[0.0, 0.0, 0.0, 0.0, 0.0, 0.7729757714092508, 0.0, 0.0, 0.0, 0.0, 0.0, 0.0, 0.0, 0.6344355418908005, 0.0]
BizzingoInc_20120322_8-K_EX-10.17_7504499_EX-10.17_Endorsement Agreement	[0.21495519015919723, 0.45405872994533714, 0.2049618167201345, 0.2790960349852164, 0.24315354954706495, 0.24459089875448795, 0.25669286943478736, 0.1986979593990409, 0.0, 0.0, 0.19078482750123735, 0.48953174834047763, 0.0, 0.20075294094917137, 0.2950569468590553]
KitovPharmaLtd_20190326_20-F_EX-4.15_11584449_EX-4.15_Manufacturing Agreement	[0.0, 0.0, 0.3020120737318623, 0.0, 0.0, 0.3604056879025814, 0.3782379911085491, 0.2927822543958681, 0.0, 0.4197376386082081, 0.5622444444752432, 0.2404423432613733, 0.0, 0.0, 0.0]
GOCALLINC_03_30_2000-EX-10.7-Promotion Agreement	[0.0, 0.5453127024443524, 0.24615380082443533, 0.0, 0.0, 0.29374729566186264, 0.30828144708621885, 0.2386310714103293, 0.0, 0.0, 0.0, 0.5879148731530645, 0.0, 0.2410990507017083, 0.0]
PHLVARIABLEINSURANCECOCT_08_17_2009-EX-10.1-STRATEGIC ALLIANCE AGREEMENT	[0.0, 0.0, 0.0, 0.0, 0.0, 0.0, 0.0, 0.0, 0.0, 0.0, 0.0, 0.2823263100131023, 0.9593184323645542, 0.0, 0.0]
ADAPTIMMUNETHERAPEUTICSPLC_04_06_2017-EX-10.11-STRATEGIC ALLIANCE AGREEMENT	[0.20621125516727665, 0.0, 0.19662439160423245, 0.0, 0.4665251265935389, 0.2346414440949343, 0.0, 0.0, 0.0, 0.0, 0.18302409314595097, 0.782697672902271, 0.0, 0.0, 0.0]
SYKESHEALTHPLANSERVICESINC_04_24_1998-EX-10.14-OUTSOURCING AGREEMENT	[0.0, 0.0, 0.0, 0.0, 0.0, 0.0, 0.0, 0.30058651085623117, 0.0, 0.43092595391278443, 0.2886156747474966, 0.7405543601557746, 0.0, 0.3036952480365015, 0.0]
SimplicityEsportsGamingCompany_20181130_8-K_EX-10.1_11444071_EX-10.1_Franchise Agreement	[0.0, 0.4481340203640436, 0.0, 0.0, 0.47996160204840427, 0.0, 0.0, 0.39221056445426505, 0.0, 0.0, 0.0, 0.6441922333294271, 0.0, 0.0, 0.0]
RemarkHoldingsInc_20081114_10-Q_EX-10.24_2895649_EX-10.24_Content License Agreement	[0.5615597576561489, 0.1977009798809088, 0.17848418863621476, 0.0, 0.2117421903231023, 0.0, 0.0, 0.173029516592519, 0.0, 0.0, 0.1661386285776097, 0.5683899457463167, 0.0, 0.34963805800543424, 0.2569405394836347]
CnsPharmaceuticalsInc_20200326_8-K_EX-10.1_12079626_EX-10.1_Development Agreement	[0.0, 0.30345985033598644, 0.0, 0.0, 0.0, 0.0, 0.0, 0.26559054608886307, 0.41228178109011543, 0.38075514133201205, 0.51002684350434, 0.4362232498102878, 0.0, 0.2683373466788259, 0.0]
TRICITYBANKSHARESCORP_05_15_1998-EX-10-OUTSOURCING AGREEMENT	[0.0, 0.0, 0.0, 0.0, 0.0, 0.0, 0.0, 0.0, 0.6270694309899363, 0.0, 0.0, 0.6634837569582729, 0.0, 0.40813384198139346, 0.0]
TheglobeComInc_19990503_S-1A_EX-10.20_5416126_EX-10.20_Co-Branding Agreement	[0.0, 0.0, 0.0, 0.0, 0.6190887414787849, 0.0, 0.0, 0.0, 0.7853210363757067, 0.0, 0.0, 0.0, 0.0, 0.0, 0.0]
Monsanto Company - SECOND A_R EXCLUSIVE AGENCY AND MARKETING AGREEMENT 	[0.0, 0.0, 0.08449360300229568, 0.0, 0.2004755794303076, 0.10083032355999913, 0.10581924843668906, 0.0819113860693038, 0.0, 0.0, 0.15729854205734553, 0.6726830369869699, 0.5714285329010066, 0.24827559931219553, 0.24326896521433325]
XpresspaGroupInc_20190401_10-K_EX-10.28_11599457_EX-10.28_Marketing Agreement	[0.512248151258467, 0.21640858711530367, 0.1953733922232041, 0.26603949937447646, 0.3476676868379085, 0.0, 0.0, 0.18940256764325203, 0.147006791244885, 0.0, 0.18185962405149744, 0.23331535552504595, 0.5285225243996999, 0.1913614140412292, 0.0]
IdeanomicsInc_20160330_10-K_EX-10.26_9512211_EX-10.26_Content License Agreement	[0.0, 0.2946067048700812, 0.0, 0.36217148922210207, 0.0, 0.0, 0.0, 0.2578422006774666, 0.0, 0.0, 0.24757365363777029, 0.0, 0.0, 0.2605088660364859, 0.7657666211913837]
BIOAMBERINC_04_10_2013-EX-10.34-DEVELOPMENT AGREEMENT (1)	[0.0, 0.0, 0.1877339552826185, 0.0, 0.0, 0.0, 0.0, 0.0, 0.2825171438112614, 0.0, 0.1747485987774273, 0.4483846446280317, 0.761784571832747, 0.0, 0.2702562289594614]
ACCELERATEDTECHNOLOGIESHOLDINGCORP_04_24_2003-EX-10.13-JOINT VENTURE AGREEMENT	[0.0, 0.5552626697543955, 0.0, 0.0, 0.29734939596473553, 0.0, 0.0, 0.0, 0.0, 0.0, 0.23330834907572898, 0.5986421746495084, 0.0, 0.24549822875534852, 0.3608214031305232]
SEASPINEHOLDINGSCORP_10_10_2018-EX-10.1-SUPPLY AGREEMENT	[0.29903999013467825, 0.0, 0.28513747262665146, 0.38827104145191965, 0.0, 0.0, 0.0, 0.2764233595590972, 0.0, 0.39628524767285395, 0.26541481920749627, 0.45401576978572805, 0.0, 0.0, 0.410475441009606]
BERKELEYLIGHTS,INC_06_26_2020-EX-10.12-COLLABORATION AGREEMENT	[0.138748400727518, 0.07327099495669931, 0.13229791873861646, 0.0, 0.0784748814529405, 0.15787753721860734, 0.16568906796740798, 0.12825474962488892, 0.8959164331819184, 0.0, 0.24629402694829014, 0.05266349321245651, 0.0, 0.12958119074684551, 0.0]
UnionDentalHoldingsInc_20050204_8-KA_EX-10_3345577_EX-10_Affiliate Agreement	[0.48533655972124057, 0.2562991172018891, 0.23138651113167666, 0.0, 0.0, 0.2761247710574303, 0.2897869878465989, 0.0, 0.6964180362893185, 0.0, 0.0, 0.0, 0.0, 0.0, 0.0]
DYNTEKINC_07_30_1999-EX-10-ONLINE HOSTING AGREEMENT	[0.0, 0.5856941015850446, 0.26438193825188566, 0.0, 0.6272915389880407, 0.0, 0.0, 0.2563021370187357, 0.0, 0.0, 0.0, 0.0, 0.35760194318307115, 0.0, 0.0]
StampscomInc_20001114_10-Q_EX-10.47_2631630_EX-10.47_Co-Branding Agreement	[0.6045961639785105, 0.0, 0.2882440941744289, 0.0, 0.3419543003475231, 0.0, 0.0, 0.2794350393541263, 0.0, 0.0, 0.26830655907196893, 0.2294811746370253, 0.3898777990257992, 0.2823250229859133, 0.0]
InvendaCorp_20000828_S-1A_EX-10.2_2588206_EX-10.2_Co-Branding Agreement	[0.0, 0.0, 0.0, 0.0, 0.6190887414787849, 0.0, 0.0, 0.0, 0.7853210363757067, 0.0, 0.0, 0.0, 0.0, 0.0, 0.0]
SANDRIDGEENERGYINC_08_06_2009-EX-10.6-OPERATIONS AND MAINTENANCE AGREEMENT	[0.11192969281751594, 0.5910842874537412, 0.10672602586527068, 0.14532858424747058, 0.1266129098261605, 0.12736135444449798, 0.13366299275213453, 0.1034643617701469, 0.0, 0.14832827549305086, 0.19868780205438158, 0.5098098647963887, 0.0, 0.10453441480530003, 0.4609188557087064]
GluMobileInc_20070319_S-1A_EX-10.09_436630_EX-10.09_Content License Agreement1	[0.0, 0.3221030742323337, 0.2907942383301265, 0.0, 0.0, 0.34701889963685784, 0.3641888457399238, 0.2819072483148927, 0.4376105405445795, 0.0, 0.2706803124892329, 0.4630228666492242, 0.0, 0.0, 0.0]
ICORECONNECTINC_10_13_2010-EX-7.1-Strategic Alliance Agreement	[0.0, 0.0, 0.5944891526509058, 0.0, 0.0, 0.0, 0.0, 0.0, 0.0, 0.0, 0.0, 0.0, 0.8041036297520414, 0.0, 0.0]
ArtaraTherapeuticsInc_20200110_8-K_EX-10.5_11943350_EX-10.5_License Agreement	[0.0, 0.0, 0.5004649819440137, 0.0, 0.0, 0.5972291897469796, 0.6267791451236586, 0.0, 0.0, 0.0, 0.0, 0.0, 0.0, 0.0, 0.0]
NlsPharmaceuticsLtd_20200228_F-1_EX-10.14_12029046_EX-10.14_Development Agreement	[0.324865233485792, 0.0, 0.3097620876013524, 0.42180232309478705, 0.0, 0.36965415616868114, 0.3879440589515913, 0.3002954193639783, 0.0, 0.0, 0.0, 0.493224799102105, 0.0, 0.0, 0.0]
TEARDROPGOLFCO_10_23_1996-EX-10.12-ENDORSEMENT AGREEMENT	[0.6095110682970448, 0.6437477070305121, 0.0, 0.0, 0.0, 0.0, 0.0, 0.0, 0.0, 0.0, 0.0, 0.46269336208373807, 0.0, 0.0, 0.0]
VIRTUALSCOPICS,INC_11_12_2010-EX-10.1-STRATEGIC ALLIANCE AGREEMENT	[0.37973072852820183, 0.0, 0.3620768585580968, 0.0, 0.0, 0.43208391528775275, 0.45346274377593015, 0.0, 0.0, 0.0, 0.0, 0.576524025921689, 0.0, 0.0, 0.0]
BellringBrandsInc_20190920_S-1_EX-10.12_11817081_EX-10.12_Manufacturing Agreement1	[0.0, 0.0, 0.3880003872650906, 0.0, 0.0, 0.4630197221946034, 0.16197640182070214, 0.2507617806715042, 0.0, 0.0, 0.48155042169544265, 0.41186751751373846, 0.0, 0.38003282796445165, 0.0]
MANUFACTURERSSERVICESLTD_06_05_2000-EX-10.14-OUTSOURCING AGREEMENT	[0.3720628248090902, 0.06549363984790392, 0.2365102929915101, 0.5635971646377208, 0.35072579716047086, 0.14111961450475857, 0.14810198975195044, 0.17196170979416084, 0.0, 0.41087873847276035, 0.16511334710795816, 0.2824411372844719, 0.0, 0.11582678579500416, 0.0]
LiquidmetalTechnologiesInc_20200205_8-K_EX-10.1_11968198_EX-10.1_Development Agreement	[0.44863025923500155, 0.0, 0.0, 0.2329991221596402, 0.0, 0.0, 0.0, 0.16587999939641085, 0.0, 0.35671259883551404, 0.31854768077605494, 0.27245213913231675, 0.462883460975801, 0.25139335469922036, 0.3694857736454679]
2ThemartComInc_19990826_10-12G_EX-10.10_6700288_EX-10.10_Co-Branding Agreement_ Agency Agreement	[0.0, 0.0, 0.0, 0.7765484571865475, 0.3382715805514897, 0.0, 0.0, 0.27642562859342235, 0.0, 0.0, 0.0, 0.4540194965958191, 0.0, 0.0, 0.0]
MOELIS_CO_03_24_2014-EX-10.19-STRATEGIC ALLIANCE AGREEMENT	[0.0, 0.0, 0.2729596132487746, 0.37168847831229906, 0.0, 0.0, 0.0, 0.2646176688848356, 0.0, 0.0, 0.7622378679378113, 0.0, 0.3692040717821811, 0.0, 0.0]
CARDAX,INC_08_19_2014-EX-10.1-COLLABORATION AGREEMENT	[0.19082667302669312, 0.0, 0.1819550463203209, 0.0, 0.0, 0.21713580131449842, 0.22787933721273743, 0.3527886021382451, 0.27382057716237895, 0.2528818816135999, 0.3387388215103765, 0.2897215145400598, 0.49222332332037344, 0.3564372257611705, 0.0]
TALCOTTRESOLUTIONLIFEINSURANCECO-SEPARATEACCOUNTTWELVE_04_30_2020-EX-99.8(L)-SERVICE AGREEMENT	[0.4705780588431693, 0.0, 0.0, 0.0, 0.5323096653862696, 0.0, 0.0, 0.0, 0.0, 0.0, 0.4176645081971277, 0.3572262350826957, 0.0, 0.4394866166709136, 0.0]
PFSFUNDS_06_26_2020-EX-99.H OTH MAT CONT-SERVICES AGREEMENT	[0.4490574394419052, 0.0, 0.42818053628544406, 0.583052452634567, 0.0, 0.0, 0.0, 0.0, 0.0, 0.0, 0.39856374744252965, 0.34088945587913466, 0.0, 0.0, 0.0]
WaterNowInc_20191120_10-Q_EX-10.12_11900227_EX-10.12_Distributor Agreement	[0.32746248728140387, 0.34585627118288387, 0.0, 0.0, 0.0, 0.0, 0.0, 0.3026962408042389, 0.0, 0.43395049878591896, 0.5812827697050671, 0.24858403247682367, 0.0, 0.30582679731336415, 0.0]
IMPCOTECHNOLOGIESINC_04_15_2003-EX-10.65-JOINT VENTURE AGREEMENT	[0.0, 0.2535159698308711, 0.4577477785779615, 0.0, 0.0, 0.0, 0.0, 0.0, 0.0, 0.0, 0.8521717105417513, 0.0, 0.0, 0.0, 0.0]
EbixInc_20010515_10-Q_EX-10.3_4049767_EX-10.3_Co-Branding Agreement	[0.2733317888852836, 0.2886850157538024, 0.26062445840829107, 0.0, 0.0, 0.0, 0.0, 0.5053189797387316, 0.0, 0.3622169583622782, 0.0, 0.6224766584651743, 0.0, 0.0, 0.0]
LegacyEducationAllianceInc_20141110_8-K_EX-10.9_8828866_EX-10.9_Endorsement Agreement	[0.0, 0.0, 0.0, 0.0, 0.0, 0.0, 0.0, 0.0, 0.0, 0.0, 0.5101081351781808, 0.4362927781470743, 0.7412410553671096, 0.0, 0.0]
GOOSEHEADINSURANCE,INC_04_02_2018-EX-10.6-Franchise Agreement	[0.1583538077044741, 0.33449729106354964, 0.0, 0.6168158092260766, 0.3582541123954226, 0.0, 0.0, 0.0, 0.0, 0.0, 0.4216437462806183, 0.0, 0.2042309815825078, 0.29578250782061927, 0.21736340020533784]
ParatekPharmaceuticalsInc_20170505_10-KA_EX-10.29_10323872_EX-10.29_Outsourcing Agreement	[0.3876854694361772, 0.0, 0.1848308898072848, 0.0, 0.0, 0.2205676851375922, 0.23148102521749442, 0.17918225563331827, 0.27814837756887517, 0.0, 0.0, 0.7357515827629589, 0.25000151595972236, 0.0, 0.0]
JOINTCORP_09_19_2014-EX-10.15-FRANCHISE AGREEMENT	[0.23243391318046477, 0.4909797587896528, 0.22162794523619328, 0.0, 0.26292517516365793, 0.0, 0.0, 0.42970950559405335, 0.0, 0.0, 0.2062981777677964, 0.0, 0.5995461293927382, 0.0, 0.0]
NEXSTARFINANCEHOLDINGSINC_03_27_2002-EX-10.26-OUTSOURCING AGREEMENT	[0.4335501259138521, 0.4579029224516304, 0.0, 0.0, 0.0, 0.0, 0.0, 0.0, 0.0, 0.574536933836141, 0.0, 0.32911751045207527, 0.0, 0.4049051467965467, 0.0]
SteelVaultCorp_20081224_10-K_EX-10.16_3074935_EX-10.16_Affiliate Agreement	[0.5036052627040942, 0.0, 0.0, 0.0, 0.5696694604414662, 0.0, 0.0, 0.0, 0.0, 0.0, 0.0, 0.0, 0.6495063088354641, 0.0, 0.0]
PlayboyEnterprisesInc_20090220_10-QA_EX-10.2_4091580_EX-10.2_Content License Agreement_ Marketing Agreement_ Sales-Purchase Agreement1	[0.6683267159989256, 0.3529335342290015, 0.15931396884659055, 0.2169374653990066, 0.0, 0.0, 0.0, 0.0, 0.0, 0.0, 0.14829439234741348, 0.5073416239345849, 0.0, 0.1560424682608499, 0.2293436601611462]
TubeMediaCorp_20060310_8-K_EX-10.1_513921_EX-10.1_Affiliate Agreement	[0.0, 0.15882828419851358, 0.1433899693098654, 0.0, 0.0, 0.17111422033191376, 0.17958068121816995, 0.1390078149973897, 0.0, 0.3985679537544707, 0.0, 0.11415775467192228, 0.0, 0.14044546687870524, 0.825679772590079]
ALCOSTORESINC_12_14_2005-EX-10.26-AGENCY AGREEMENT	[0.0, 0.3989798574288467, 0.3601984986532531, 0.4904814681605774, 0.0, 0.42984237710926637, 0.4511102978349189, 0.0, 0.0, 0.0, 0.0, 0.2867665851409296, 0.0, 0.0, 0.0]
VertexEnergyInc_20200113_8-K_EX-10.1_11943624_EX-10.1_Marketing Agreement	[0.0, 0.0, 0.4618188492596656, 0.0, 0.0, 0.5511108810887537, 0.0, 0.0, 0.6949821200678876, 0.0, 0.0, 0.0, 0.0, 0.0, 0.0]
MidwestEnergyEmissionsCorp_20080604_8-K_EX-10.2_3093976_EX-10.2_Content License Agreement	[0.5169613826897498, 0.545999444537836, 0.0, 0.33560918450568267, 0.0, 0.0, 0.0, 0.2389315925623509, 0.0, 0.0, 0.2294161591265143, 0.39243684432586373, 0.0, 0.24140267991495354, 0.0]
KINGPHARMACEUTICALSINC_08_09_2006-EX-10.1-PROMOTION AGREEMENT	[0.29296142158764255, 0.06188345157451128, 0.11173659989888321, 0.0, 0.06627856669721034, 0.06667035799735307, 0.06996910182567073, 0.10832180718036231, 0.8407510781704837, 0.15529199216487957, 0.0, 0.26687221052889604, 0.0, 0.10944209707113767, 0.24127903830687716]
PerformanceSportsBrandsInc_20110909_S-1_EX-10.10_7220214_EX-10.10_Endorsement Agreement	[0.4010237896756035, 0.423549560452843, 0.0, 0.0, 0.0, 0.0, 0.0, 0.3706940438144299, 0.0, 0.0, 0.35593118026361326, 0.3044260476499479, 0.0, 0.0, 0.5504628890881832]
